xAB=100.000000,Z=0.140000
nx=192,lx=6.203255
NsA = 140, NsB = 860
NsB1 = 164, NsA1 = 70, NsB2 = 111, NsA2 = 70, NsB3 = 583
vcell = 3969.000000
done
qsum=0.115443
     1 : 1.16757145e+01, 1.36566694e-06
ql=0.0000000000, vcell=3969.000000, fflloop=10392764071666546.000000
loopratio=0.867713 bridgeratio=0.132287
qsum=0.012755
     2 : 1.16757140e+01, 1.36566694e-06
loopratio=0.867713 bridgeratio=0.132287
