Nx=192, Ny=192, Nz=1
hAB=100.000000, f=0.140000
fB1=0.164507, fA1=0.070000, fB2=0.111800, fA2=0.070000, fB3=0.583693
lx = 6.203255, ly = 6.203255, lz = 1.000000
dx=0.032309, dy=0.032309, dz=1.000000
