in=13
constraint=0
bridge=1
follow=0
hAB=150.0
hAw=200
hBw=0
fBend=0.1152
Nstar=5
fAi=0.056
Nx=192
Ny=192
lx=4.13177718
ly=3.55932231
arrr=4
arrc=4
Rg=1.2
wopt=0.05
wcmp=0.05
FEname=fet.txt
phname=phout.txt
ds=0.001
epA=1.0
epB=1.0
MaxIT=5000
